1. 0. 0. 0. 0. 1. 0. 0. 0. 0. 1. 0.
0.999998421 0.001219538 0.00129248 0.261087956 -0.001217153 0.999997558 -0.001844593 -0.481557775 -0.001294726 0.001843017 0.999997463 0.836621293
0.999978842 0.00482515 0.004362779 0.514040558 -0.004822174 0.999988133 -0.000692465 -0.963578301 -0.004366068 0.000671413 0.999990243 1.675462712
0.999982555 0.003427247 0.004810752 0.772671125 -0.003437385 0.999991886 0.002100695 -1.441457721 -0.004803513 -0.002117195 0.999986222 2.514950541
0.999981914 0.00349633 0.00489366 1.026087368 -0.0035183 0.99998374 0.004487935 -1.924362851 -0.004877889 -0.004505071 0.999977955 3.353097029
0.999980442 0.00458336 0.004255323 1.276466915 -0.004598046 0.999983485 0.003447731 -2.41193975 -0.00423945 -0.00346723 0.999985003 4.189544466
0.999990764 0.003757151 0.00208718 1.530062525 -0.003761778 0.999990466 0.002217392 -2.904543604 -0.002078829 -0.002225223 0.999995363 5.022047194
0.99999835 0.001056345 -0.001478041 1.780610389 -0.001056456 0.999999439 -0.00007442 -3.399718611 0.001477962 0.000075981 0.999998905 5.853979043
0.999981233 -0.002205382 -0.005715735 2.03425843 0.00218902 0.999993493 -0.002867283 -3.894178817 0.005722021 0.002854717 0.999979554 6.685272798
0.99993481 -0.005514858 -0.00999807 2.289901286 0.005475915 0.99997733 -0.00391828 -4.373009315 0.010019453 0.003863276 0.999942341 7.524945985
0.999926767 -0.004571607 -0.011205368 2.529521439 0.004546457 0.999987091 -0.002268882 -4.846022284 0.011215596 0.002217771 0.999934644 8.373070106
0.999853564 -0.008375634 -0.014923135 2.782789864 0.008331466 0.999960734 -0.003019464 -5.326465806 0.014947839 0.00289469 0.999884085 9.212619045
0.999747683 -0.012980338 -0.018332541 3.038142812 0.012880641 0.999901661 -0.005545933 -5.814702648 0.018402727 0.005308399 0.999816563 10.047072411
0.999699941 -0.014737889 -0.019565877 3.305650442 0.014617623 0.999873463 -0.00627556 -6.298800189 0.01965589 0.00598767 0.999788875 10.880147819
0.999589499 -0.017955467 -0.022325638 3.572306812 0.017795693 0.99981474 -0.007334751 -6.780073977 0.022453201 0.00693444 0.999723846 11.714944716
0.9996034 -0.016890128 -0.022533666 3.82600031 0.016696105 0.99982214 -0.008770862 -7.284923099 0.022677799 0.008391159 0.99970761 12.540297792
0.999585811 -0.017950496 -0.022494129 4.0927508 0.017701214 0.999780223 -0.011232676 -7.795438359 0.022690817 0.01082985 0.999683871 13.358348748
0.99957916 -0.018805569 -0.022087404 4.363417431 0.018566357 0.999767274 -0.010985847 -8.270704089 0.022288859 0.010571141 0.999695683 14.195715967
0.999688649 -0.015937336 -0.019199126 4.635725256 0.015787921 0.999844083 -0.007908992 -8.724167754 0.019322181 0.007603415 0.999784397 15.045224984
0.999805142 -0.011792322 -0.015830972 4.905473581 0.011690173 0.999910348 -0.006529647 -9.212163356 0.015906552 0.006343308 0.999853361 15.875435168
0.999851596 -0.008598136 -0.014928438 5.141292185 0.00845153 0.999915711 -0.009856044 -9.768126489 0.015011923 0.009728413 0.999839987 16.676465349
0.999841867 -0.007772396 -0.015994703 5.385113972 0.007536425 0.99986265 -0.014760873 -10.333659011 0.016107233 0.014637996 0.999763115 17.468821101
0.999865693 -0.006127772 -0.015200185 5.654841472 0.005911252 0.999881008 -0.014248787 -10.803857162 0.01528569 0.014157021 0.99978294 18.309108315
0.99991018 -0.002915019 -0.013081831 5.923295109 0.002825459 0.999972482 -0.006859405 -11.166521872 0.013101466 0.006821826 0.999890901 19.213072083
0.999944936 -0.00040776 -0.010486156 6.202316872 0.000419666 0.99999927 0.001133216 -11.5091553 0.010485687 -0.001137554 0.999944377 20.124256811
0.999963124 0.001644608 -0.008428862 6.477059737 -0.001602395 0.999986154 0.005012384 -11.931158816 0.008436989 -0.004998692 0.999951914 20.990558119
0.999967232 0.003615449 -0.007243226 6.726274533 -0.003602354 0.999991855 0.001820028 -12.50239842 0.007249747 -0.001793876 0.999972111 21.779483127
0.999961338 0.005693828 -0.006700902 6.974640489 -0.005720639 0.999975681 -0.00398886 -13.131498032 0.006678027 0.00402704 0.999969593 22.534685081
0.999952918 0.00534831 -0.008096779 7.217265003 -0.00542292 0.99994278 -0.009221055 -13.726734477 0.008046999 0.009264529 0.999924704 23.310306913
0.999951182 0.002761599 -0.009487233 7.476204721 -0.002847259 0.999955199 -0.009027388 -14.187941741 0.009461877 0.00905396 0.999914246 24.15959723
0.999949081 -0.000150238 -0.010090205 7.761289246 0.000100213 0.999987704 -0.004958096 -14.551175632 0.010090826 0.004956833 0.999936801 25.057910552
0.999953999 0.000835889 -0.009555175 8.030279823 -0.000841248 0.999999491 -0.000556871 -14.932914475 0.009554704 0.000564883 0.999954193 25.949701478
0.999942975 -0.001645589 -0.010551731 8.301231811 0.001634607 0.999998113 -0.001049352 -15.41053852 0.010553438 0.001032044 0.999943778 26.785521228
0.999942605 0.000428456 -0.010705282 8.526305752 -0.000469167 0.999992667 -0.00380068 -15.984246259 0.010703575 0.003805485 0.999935474 27.580073793
0.999953251 0.002736487 -0.009274045 8.773478917 -0.002791029 0.999978857 -0.005873377 -16.55224814 0.009257776 0.005898987 0.999939746 28.370617923
0.999945829 0.006008639 -0.008499173 9.009136658 -0.006047152 0.999971532 -0.004513032 -17.023552854 0.008471814 0.004564184 0.999953697 29.221011637
0.999958712 0.004665096 -0.007798126 9.300525235 -0.004665405 0.999989117 -0.00002143 -17.368105308 0.007797941 0.000057811 0.999969594 30.127605858
0.999954823 0.006138287 -0.007257658 9.557811451 -0.006122477 0.999978841 0.002198597 -17.803395406 0.007271 -0.002154062 0.999971246 30.99193135
0.999940464 0.009373482 -0.005586274 9.804748552 -0.009368038 0.999955619 0.000999798 -18.359743911 0.005595397 -0.000947406 0.999983897 31.789814746
0.999912464 0.012345056 -0.004760559 10.028897895 -0.012358928 0.999919433 -0.002895602 -19.001197363 0.004724429 0.002954184 0.999984476 32.544973635
0.999885326 0.014711464 -0.003592591 10.274922785 -0.014726726 0.999882483 -0.00425954 -19.558859272 0.003529505 0.004311958 0.999984475 33.341725913
0.999873483 0.015631385 -0.002945718 10.532005493 -0.015638589 0.999874736 -0.002438511 -19.995294601 0.002907232 0.00248427 0.999992688 34.206037622
0.999833948 0.018198777 -0.000938356 10.803888015 -0.018197459 0.999833439 0.001395233 -20.374615041 0.000963591 -0.001377926 0.999998586 35.098905593
0.999840524 0.017772439 -0.001751192 11.05376601 -0.017766335 0.999836245 0.003441146 -20.78009986 0.001812063 -0.003409485 0.999992546 35.982927983
0.999859896 0.016457631 -0.003055124 11.294185622 -0.016446768 0.999858451 0.003547205 -21.250136237 0.00311307 -0.003496461 0.999989042 36.832519821
0.999822504 0.018689405 -0.002380682 11.517255369 -0.018682854 0.999821693 0.002744807 -21.794956051 0.002431556 -0.002699842 0.999993399 37.64416048
0.999829888 0.018311695 -0.002208508 11.765698665 -0.018307183 0.999830315 0.002046426 -22.309966815 0.002245607 -0.002005646 0.999995467 38.464946406
0.999821116 0.018673366 -0.003007007 11.991307547 -0.018670226 0.999825125 0.001069089 -22.838026881 0.003026444 -0.001012756 0.999994907 39.285376335
0.999789654 0.020352883 -0.002531571 12.240546811 -0.020348255 0.999791258 0.001840633 -23.308988666 0.002568505 -0.001788733 0.999995102 40.131667663
0.999805648 0.019649814 -0.001597297 12.548065945 -0.019646092 0.99980432 0.002313414 -23.764359088 0.001642443 -0.002281584 0.999996048 40.96931572
0.999876126 0.015502844 -0.002719183 12.868857334 -0.015487878 0.999865249 0.005441444 -24.064119624 0.002803175 -0.005398656 0.999981498 41.892501978
0.999904267 0.012917571 -0.004959143 13.153629115 -0.012889734 0.999901215 0.005604893 -24.501200384 0.005031054 -0.005540434 0.999971996 42.745139188
0.999898724 0.013546079 -0.004364212 13.421582256 -0.013535382 0.999905339 0.002471206 -25.135821789 0.004397274 -0.002411884 0.999987423 43.49148512
0.999873657 0.015281183 -0.00437659 13.632830957 -0.015305599 0.999867176 -0.005600741 -25.996243056 0.004290423 0.00566702 0.999974738 44.122410505
0.999861126 0.01614837 -0.00411804 13.880712857 -0.01618687 0.999823911 -0.009493791 -26.659667699 0.003964005 0.009559131 0.999946453 44.855428504
0.999835744 0.017825288 -0.003277821 14.146789081 -0.017844858 0.999822516 -0.006041266 -27.010459213 0.003169552 0.006098766 0.999976379 45.767864182
0.999840607 0.0176951 -0.00237559 14.452363231 -0.017694802 0.999843424 0.000146547 -27.20908195 0.002377811 -0.000104488 0.999997168 46.756576367
0.999829888 0.018185697 -0.003078143 14.673531661 -0.018178631 0.999832091 0.002308012 -27.59991688 0.003119599 -0.002251663 0.999992599 47.658126085
0.9997956 0.020068307 -0.002453666 14.891790066 -0.020063782 0.99979698 0.001855447 -28.140640561 0.002490404 -0.001805838 0.999995268 48.473449299
0.999778917 0.020722109 -0.00356542 15.078868993 -0.020717123 0.999784355 0.001429592 -28.655202615 0.003594276 -0.001355411 0.999992622 49.313598151
0.999805514 0.018768921 -0.006054833 15.265635906 -0.018755718 0.999821609 0.002229966 -29.070567989 0.006095607 -0.002115969 0.999979183 50.211301448
0.999768726 0.019880243 -0.008201854 15.383844225 -0.019849993 0.999795925 0.003753198 -29.495935229 0.008274795 -0.003589523 0.999959321 51.123626782
0.999677405 0.02266534 -0.011461638 15.403699597 -0.022630304 0.999738853 0.003177309 -30.054378028 0.011530659 -0.002916903 0.999929265 51.987667634
0.999632074 0.020769562 -0.017445395 15.409207376 -0.020791096 0.999783286 -0.001053902 -30.728234809 0.017419725 0.001416223 0.999847262 52.787901713
0.999503285 0.022534519 -0.022031318 15.373979398 -0.022578888 0.999743503 -0.001767184 -31.276926418 0.021985844 0.002263749 0.999755719 53.67104035
0.999386874 0.020951509 -0.028051938 15.37175089 -0.021056317 0.999772352 -0.003445997 -31.824465721 0.027973353 0.004034555 0.999600527 54.543513958
0.999210658 0.021255604 -0.033559797 15.333235174 -0.021370898 0.99976687 -0.003080503 -32.292435341 0.033486495 0.003795275 0.999431964 55.471094948
0.999030744 0.024039628 -0.036873681 15.317879003 -0.024136273 0.999706305 -0.002178018 -32.778478607 0.036810493 0.0030659 0.999317561 56.380887074
0.998851046 0.024426841 -0.041230055 15.328775097 -0.024434673 0.999701379 0.000314041 -33.127762398 0.041225414 0.000693763 0.99914963 57.361031379
0.998684778 0.025195553 -0.044653096 15.363134624 -0.0249962 0.999674955 0.005017322 -33.355141742 0.044764996 -0.003894566 0.998989954 58.403851859
0.998473148 0.025477258 -0.049013084 15.358868364 -0.025182678 0.999660957 0.006618485 -33.75700977 0.049165088 -0.005374099 0.998776208 59.354956791
0.998183109 0.030796151 -0.051788788 15.258771968 -0.030557278 0.999518441 0.005398105 -34.415391288 0.051930089 -0.003805772 0.998643471 60.183786265
0.997823952 0.033617545 -0.056720556 15.129195525 -0.033637894 0.999433908 0.000596222 -35.245559344 0.05670849 0.001313036 0.998389915 60.917419749
0.997404664 0.03659267 -0.062007363 14.955590783 -0.036845748 0.999316633 -0.002942512 -36.002671971 0.061857315 0.005219583 0.998071354 61.700826271
0.996912403 0.036984156 -0.06926639 14.758068269 -0.037393687 0.99928991 -0.0046247 -36.5968784 0.069046164 0.007200547 0.99758748 62.580565343
0.996374777 0.0365547 -0.076818339 14.561432752 -0.036899188 0.999314279 -0.003069405 -36.975423244 0.076653462 0.005892813 0.997040381 63.583141218
0.995730437 0.035829977 -0.085071206 14.310342995 -0.036116566 0.999345905 -0.001831679 -37.366651667 0.084949933 0.004896339 0.996373191 64.588100502
0.99477081 0.034786919 -0.096025552 13.894530826 -0.035210293 0.999376231 -0.002717514 -37.889356029 0.095871121 0.006084391 0.99537516 65.547456002
0.993726259 0.037266404 -0.105448268 13.43047912 -0.037737741 0.999284607 -0.002477426 -38.409191589 0.105280506 0.006441263 0.994421704 66.512357931
0.992622962 0.039515372 -0.114621947 12.969286176 -0.040102044 0.999191621 -0.00281605 -38.966743432 0.114418011 0.007391851 0.993405194 67.449013008
0.991546899 0.045690845 -0.12143761 12.513971684 -0.046289989 0.998925803 -0.002115741 -39.537898843 0.121210492 0.007719202 0.992596812 68.369059291
0.990635655 0.050107374 -0.127004921 12.192971362 -0.050903262 0.998699002 -0.003026667 -40.1810751 0.126688029 0.009463289 0.991897469 69.218844153
0.989896016 0.054979431 -0.130702484 11.988667646 -0.055898946 0.998430731 -0.003374006 -40.794544704 0.130311876 0.010646046 0.991415895 70.060633179
0.989353997 0.057322809 -0.133763834 11.923689332 -0.058225054 0.998299443 -0.002839793 -41.295688597 0.133373576 0.010597967 0.991009169 70.94268359
0.988929856 0.057365184 -0.136846537 11.950108476 -0.058199631 0.998302754 -0.002101124 -41.730405776 0.136493743 0.010042282 0.990590032 71.847107825
0.988314115 0.055988676 -0.141776158 11.913518747 -0.057029337 0.998367101 -0.003284375 -42.271478601 0.141360764 0.011331394 0.989893294 72.697280614
0.987809581 0.053317255 -0.146251502 11.954225079 -0.054655216 0.998492044 -0.005142449 -42.833866775 0.14575678 0.013073168 0.989234074 73.522904153
0.987497547 0.0523076 -0.148702759 12.067046717 -0.053824777 0.998531185 -0.006194005 -43.366383428 0.148160349 0.014120458 0.98886254 74.354816542
0.987243618 0.053208538 -0.150062953 12.188366408 -0.054482814 0.998505057 -0.004390265 -43.735112681 0.149605018 0.012510113 0.988666696 75.27934388
0.986940479 0.052495236 -0.15229163 12.31495563 -0.053671171 0.998552109 -0.003618207 -44.140773853 0.151881189 0.011744625 0.988328978 76.180789993
0.986425547 0.047804003 -0.157096841 12.424047935 -0.049323993 0.998766054 -0.005788984 -44.678650542 0.156626256 0.013459045 0.987566236 77.006664558
0.986001757 0.045644591 -0.160365541 12.539413144 -0.047419446 0.99884871 -0.007256024 -45.219949529 0.159849716 0.014758898 0.987031024 77.829399559
0.985800477 0.046894623 -0.161239926 12.678336336 -0.048695061 0.99878752 -0.007230532 -45.735236833 0.160705353 0.01497945 0.98688875 78.665504913
0.985629662 0.044868278 -0.162852716 12.894057032 -0.046798774 0.998872017 -0.008035435 -46.229695481 0.162308485 0.015541271 0.986617669 79.502982357
0.985253517 0.042586336 -0.165716357 13.034857413 -0.044823472 0.998947033 -0.009781712 -46.796769381 0.165125296 0.017065449 0.986124945 80.307901611
0.985235986 0.04560179 -0.165016753 13.219230365 -0.047908508 0.998801433 -0.010023546 -47.37435863 0.164361877 0.017781264 0.986239829 81.100150717
0.985140084 0.047470377 -0.165062349 13.391593413 -0.049860353 0.998702428 -0.010363671 -47.936736814 0.164356202 0.018439734 0.986228683 81.90361626
0.984990091 0.047879244 -0.165837568 13.578273431 -0.050290345 0.998680822 -0.010368031 -48.429123338 0.165122385 0.018552436 0.986098578 82.744471541
0.98528585 0.052637744 -0.162607077 13.875541609 -0.054330478 0.998505117 -0.005977564 -48.673667682 0.162049353 0.014724129 0.986672796 83.714948157
0.985493271 0.056197411 -0.16014014 14.170800582 -0.057528527 0.998337064 -0.003684385 -49.059611228 0.159666784 0.012843563 0.987087413 84.602131803
0.985609192 0.057441483 -0.158981122 14.470736042 -0.058576927 0.998279864 -0.002461186 -49.476216707 0.158566279 0.011738394 0.987278555 85.469929219
0.985717179 0.057374521 -0.158334479 14.795224547 -0.058506379 0.998283923 -0.002492702 -49.956982165 0.157919747 0.011720676 0.987382388 86.295704885
0.985857993 0.060884577 -0.156131632 15.075325077 -0.061694423 0.998095026 -0.000341678 -50.352618084 0.155813403 0.009969297 0.987736198 87.178702146
0.98601155 0.063201685 -0.154229605 15.386070355 -0.063788483 0.997962783 0.001146011 -50.775736721 0.153987835 0.008708093 0.98803437 88.040732666
0.986084048 0.064549974 -0.153204282 15.676073892 -0.065040179 0.997880995 0.001815285 -51.23310985 0.152996818 0.00817441 0.988192872 88.885403408
0.986240233 0.065433402 -0.151817893 16.024539568 -0.065795123 0.997829647 0.002645214 -51.673639426 0.15166148 0.00738006 0.988404942 89.729081796
0.986525568 0.067388072 -0.149084376 16.427242582 -0.06765505 0.997703361 0.003285852 -52.168326339 0.148963411 0.006844733 0.988819019 90.533340972
0.9866433 0.064294755 -0.14967025 16.803333639 -0.064695033 0.997902661 0.002198072 -52.654645838 0.149497665 0.007514208 0.988733526 91.345427043
0.986755286 0.065533905 -0.148389057 17.121609861 -0.065741548 0.99783051 0.003510434 -53.058083867 0.148297181 0.006291387 0.98892283 92.215950976
0.986817911 0.064378498 -0.148478344 17.440339377 -0.064615992 0.99790498 0.003228793 -53.534198512 0.148375144 0.006407844 0.988910388 93.044424172
0.986807651 0.065563099 -0.148027498 17.674302516 -0.065857177 0.99782479 0.002919183 -54.089820915 0.147896897 0.006868001 0.988978937 93.844139164
0.986829391 0.068968527 -0.146325308 17.902915461 -0.069238847 0.997594814 0.003251084 -54.655171063 0.146197591 0.00692313 0.989231184 94.639553464
0.986640625 0.071899184 -0.146187495 18.020224575 -0.072023367 0.997393017 0.004450202 -55.115016847 0.146126352 0.006138166 0.989246891 95.515202885
0.98655662 0.075371752 -0.145000465 18.197907921 -0.075199927 0.997146145 0.006673544 -55.496435206 0.145089651 0.004320195 0.989409081 96.425801488
0.986479616 0.076530218 -0.14491754 18.400407306 -0.075997783 0.997065407 0.009214685 -55.775850332 0.145197468 0.001923313 0.989400827 97.389608475
0.986278578 0.076548682 -0.146269841 18.523765958 -0.075909434 0.997065018 0.009955331 -56.189843379 0.146602609 0.001284531 0.989194635 98.291185959
0.986030361 0.073938314 -0.149255661 18.648633184 -0.073428865 0.997260487 0.008928765 -56.684954512 0.149506951 0.002155641 0.988758325 99.144148116
0.985857466 0.0759259 -0.149399849 18.781843377 -0.075570373 0.997107867 0.008063572 -57.326175041 0.149579999 0.00334067 0.988743983 99.91307904
0.98575734 0.078335806 -0.148815213 18.959526759 -0.078001144 0.99692042 0.008093022 -57.893352663 0.148990898 0.003630001 0.988831904 100.716376576
0.985681447 0.081298895 -0.147724659 19.152957909 -0.08097616 0.996682245 0.008207612 -58.468341338 0.147901815 0.003872085 0.988994469 101.512462553
0.985695735 0.08161422 -0.147455204 19.426397361 -0.081176235 0.996659166 0.008995896 -58.879944387 0.147696774 0.003102642 0.989027824 102.386586237
0.98591901 0.085223676 -0.143877141 19.831656999 -0.084433086 0.996361593 0.011603045 -59.218709566 0.144342512 0.000708328 0.989527533 103.278871096
0.98599777 0.083940926 -0.144091358 20.15894776 -0.083243096 0.996469922 0.010875739 -59.738404073 0.144495624 0.001271156 0.989504623 104.079441807
0.986122422 0.079463435 -0.145767385 20.515051691 -0.079172864 0.996830362 0.00780304 -60.387312389 0.145925411 0.003846068 0.989288119 104.801552466
0.98623091 0.074322148 -0.147732224 20.889506654 -0.074304272 0.997219625 0.005647613 -60.915625191 0.147741215 0.005407285 0.989011271 105.588119335
0.986299984 0.070177925 -0.149289653 21.247036868 -0.070235663 0.99751843 0.0048921 -61.326477247 0.149262498 0.00566038 0.988781405 106.44543255
0.986271338 0.066655554 -0.151082378 21.544874372 -0.066883706 0.997754367 0.003576777 -61.824497876 0.150981515 0.006577276 0.988514705 107.263699209
0.986108299 0.065466555 -0.152658289 21.721363026 -0.0661656 0.997808529 0.000502036 -62.595333293 0.152356609 0.009605665 0.988278905 107.948486799
0.986075148 0.063636923 -0.153642912 21.985176854 -0.064954815 0.997881827 -0.003568016 -63.456995926 0.153090412 0.013498179 0.988119995 108.563705401
0.986106019 0.065664139 -0.152588137 22.226672879 -0.066977982 0.997748383 -0.00348063 -64.013251911 0.152016014 0.013652316 0.988283737 109.361489482
0.986022705 0.068037967 -0.1520857 22.392428162 -0.068935613 0.997620911 -0.000631095 -64.271150304 0.151680936 0.011106395 0.988367109 110.348008959
0.986011702 0.069516449 -0.15148725 22.611864905 -0.069494053 0.997567486 0.005448643 -64.136171591 0.151497526 0.005155038 0.988444194 111.551219498
0.985917712 0.070160019 -0.151801967 22.790658036 -0.069393429 0.997535695 0.010348432 -64.091554731 0.152153927 0.000331357 0.988356754 112.705832606
0.985719491 0.073614428 -0.151452964 22.857823563 -0.072355084 0.997283227 0.013816943 -64.319489014 0.152058627 -0.002661239 0.988367893 113.726045842
0.985223595 0.07551481 -0.153726969 22.731390131 -0.074517174 0.997144492 0.012249633 -65.060972888 0.154213029 -0.000613328 0.988037431 114.492594856
0.984465066 0.079413337 -0.156595196 22.396180273 -0.078777708 0.996839292 0.010271276 -65.932603108 0.156915921 0.002224498 0.98760946 115.224082135
0.983730008 0.081702643 -0.159999841 22.098268201 -0.081459839 0.996643814 0.008087169 -66.764703836 0.160123594 0.005077971 0.987083912 115.967633626
0.982834582 0.081973929 -0.165276918 21.728839345 -0.081905567 0.996613792 0.007240721 -67.353506099 0.165310806 0.006420669 0.986220621 116.859479107
0.982123811 0.08155231 -0.169652704 21.494922293 -0.081430997 0.996649355 0.007684732 -67.770026827 0.169710966 0.00626763 0.985473949 117.824857381
0.981651112 0.086008744 -0.170186929 21.37143559 -0.085661219 0.99628 0.009397669 -68.239975362 0.170362116 0.005353188 0.985366984 118.739234353
0.981310546 0.088068882 -0.171094957 21.366758329 -0.087930453 0.996091181 0.00840209 -68.932746202 0.17116614 0.006799397 0.985218717 119.503362693
0.980916129 0.088577396 -0.173082616 21.348150206 -0.0886933 0.996033822 0.007079819 -69.604208984 0.173023251 0.00840656 0.984881863 120.280183223
0.980648695 0.08959101 -0.174073512 21.414195839 -0.089712763 0.995941763 0.007185036 -70.122042773 0.174010795 0.00857062 0.984706447 121.130485396
0.98051868 0.089929216 -0.174630622 21.568057994 -0.090048862 0.995910925 0.007254723 -70.610222002 0.174568956 0.008611897 0.98460729 121.983988028
0.979959018 0.088699598 -0.178361164 21.466660193 -0.088912049 0.996016146 0.006818004 -71.095384147 0.178255353 0.009177092 0.983941467 122.879970644
0.979631198 0.088927871 -0.180040411 21.49732156 -0.089139405 0.99599504 0.006931647 -71.572523608 0.179935773 0.009258238 0.983634791 123.759589744
0.979144872 0.086109284 -0.184012256 21.467864676 -0.086622211 0.996227322 0.005264474 -72.146422404 0.183771357 0.010784866 0.982909851 124.591792764
0.978680473 0.083110713 -0.187822101 21.463377985 -0.084321268 0.996437415 0.001549579 -72.971185491 0.187281756 0.014320856 0.982201841 125.274334968
0.978226045 0.079930699 -0.191532994 21.49224571 -0.081523866 0.996671293 -0.000439278 -73.568403394 0.190860325 0.016044223 0.981486077 126.081274768
0.978032458 0.080348937 -0.192344898 21.611034029 -0.082132785 0.99662054 -0.001305616 -74.188101929 0.191589971 0.017074757 0.981326518 126.862266811
0.977869236 0.076462979 -0.194743858 21.846422957 -0.078563733 0.996904351 -0.003074714 -74.720943939 0.193905898 0.018306473 0.980849314 127.673352295
0.978028429 0.075948729 -0.194144745 22.223321472 -0.078140005 0.996935742 -0.003642355 -75.257666397 0.193273203 0.018732799 0.980966132 128.458016058
0.97855696 0.073133996 -0.192555693 22.90121238 -0.074794151 0.997198072 -0.001356787 -75.307226483 0.191916938 0.015729733 0.981285109 129.474689825
0.979192903 0.072363484 -0.189591099 23.611539742 -0.073442545 0.997298553 0.001337509 -75.401646436 0.189175716 0.012614374 0.981862224 130.455986423
0.979853526 0.07367791 -0.185630369 24.304191187 -0.074726722 0.997203136 0.001350001 -75.947293985 0.185210652 0.012548745 0.982618717 131.176472449
0.980510586 0.072299664 -0.182679363 25.066021543 -0.073865822 0.99726661 -0.001774579 -76.78220114 0.182051728 0.015233754 0.983170942 131.714102045
0.981312062 0.071096654 -0.178806888 25.944636336 -0.072909367 0.997332151 -0.003578514 -77.44564417 0.178075438 0.016548336 0.983877681 132.325162603
0.982272568 0.0710869 -0.173456781 26.937674251 -0.072671528 0.997352016 -0.002793696 -77.820812616 0.172798875 0.015349541 0.98483752 133.077834899
0.983010251 0.070231402 -0.169583007 27.810908712 -0.071540371 0.997436401 -0.001613141 -78.09873365 0.169034971 0.013717766 0.985514587 133.905956219
0.98388877 0.068541241 -0.165121129 28.825318803 -0.069673798 0.997569254 -0.001069717 -78.422108656 0.164646442 0.012557099 0.986272715 134.674994584
0.984702711 0.066640002 -0.160995903 29.818782823 -0.067733469 0.997702595 -0.001307036 -78.842254428 0.16053893 0.012191853 0.986954209 135.386851001
0.985676851 0.06710222 -0.154720516 30.916126239 -0.067918397 0.99769088 0.000010871 -79.166981728 0.154363977 0.010497654 0.987958279 136.127293981
0.986662729 0.068600376 -0.147616555 32.072656823 -0.068954351 0.997616096 0.002724295 -79.349564801 0.147451539 0.007490843 0.989040915 136.92807051
0.987548284 0.068716387 -0.141514824 33.191994868 -0.068629214 0.997627062 0.005502355 -79.450740323 0.14155712 0.00427821 0.989920845 137.779160727
0.988472223 0.068354379 -0.135093832 34.393388887 -0.067945361 0.99765978 0.007641452 -79.620780949 0.135300009 0.001625637 0.990803343 138.564019727
0.989164285 0.064684356 -0.131795112 35.430738985 -0.06447347 0.997902149 0.005871269 -80.154051742 0.131898405 0.002689639 0.991259591 139.174586095
0.989770256 0.062483923 -0.128259892 36.384049699 -0.062659939 0.998031374 0.002666237 -80.97152877 0.128173993 0.005397795 0.991737007 139.637786123
0.990283522 0.062669019 -0.124141614 37.237036029 -0.063161053 0.998003347 -0.000027866 -81.843329063 0.123892 0.00786851 0.992264511 140.089923894
0.990835325 0.061302052 -0.120363684 38.16291363 -0.062008505 0.99807335 -0.002129146 -82.544040368 0.120001265 0.009573205 0.992727581 140.618807881
0.991469683 0.060546574 -0.11542088 39.203850519 -0.061096584 0.998131101 -0.001230211 -82.854924041 0.115130685 0.008271538 0.993315915 141.341029648
0.992029459 0.061743533 -0.109842109 40.176940498 -0.061925647 0.998079221 0.00175589 -82.977372705 0.109739541 0.005060149 0.993947498 142.187859475
0.992609044 0.062420037 -0.10407221 41.212133701 -0.062261264 0.998048455 0.004776756 -83.067574586 0.104167274 0.001738216 0.994558273 143.031394123
0.993067161 0.06149594 -0.100179153 42.122888002 -0.061176595 0.99810733 0.006259591 -83.285541966 0.100374487 -0.000087575 0.994949725 143.831851395
0.993497056 0.060271084 -0.096597076 43.011720379 -0.060137167 0.998180862 0.004299762 -83.985828693 0.096680504 0.001537273 0.99531428 144.355968437
0.993947848 0.056334284 -0.09430866 43.941401984 -0.056551498 0.998399615 0.000369926 -84.819277535 0.09417857 0.004965609 0.995542937 144.786085743
0.994340937 0.054388006 -0.091258126 44.819314052 -0.054844244 0.998491799 -0.0024973 -85.608075874 0.090984667 0.007488151 0.99582414 145.253389777
0.994867329 0.053871421 -0.085655518 45.934545584 -0.054153839 0.998532128 -0.000975307 -85.838935047 0.085477246 0.005608876 0.996324335 145.971387223
0.995241564 0.050052036 -0.083600371 46.839024773 -0.050070077 0.998743934 0.001882121 -85.675615943 0.083589567 0.002312712 0.996497584 146.98177633
0.995688729 0.048205674 -0.079247507 47.903300936 -0.047748003 0.998830033 0.007661145 -85.199406144 0.0795241 -0.003844205 0.996825531 148.115110817
0.996128182 0.048022802 -0.073637323 49.005219994 -0.047232818 0.998806526 0.012433193 -84.966995372 0.074146515 -0.008906956 0.997207581 149.086166403
0.996463013 0.047875557 -0.069060803 49.957849379 -0.047002141 0.998793596 0.014217967 -85.18256831 0.069658181 -0.010921672 0.99751113 149.84509119
0.996766301 0.047329308 -0.064937493 50.874743294 -0.046677792 0.998843631 0.011514574 -86.049727072 0.065407378 -0.0084462 0.997822898 150.240966696
0.996919663 0.048340781 -0.061760466 51.523620375 -0.048066235 0.998826582 0.005924218 -87.443465814 0.061974377 -0.002937376 0.998073418 150.419121564
0.997025704 0.047907908 -0.060370344 52.047574016 -0.048078756 0.998842595 -0.001379747 -88.995497171 0.06023437 0.004278175 0.998175094 150.537998487
0.99720197 0.045617001 -0.059222635 52.694729177 -0.045992728 0.998929281 -0.004996084 -89.877649598 0.058931318 0.007705916 0.998232297 151.003045168
0.997483361 0.043439515 -0.05603528 53.639941501 -0.043624862 0.9990458 -0.002088132 -89.781885485 0.055891104 0.004527408 0.998426606 151.942068028
0.997796731 0.038753298 -0.053850393 54.664257465 -0.038707689 0.999248789 0.001890054 -89.361811575 0.053883186 0.000198535 0.998547226 153.037604276
0.997992611 0.041414857 -0.047911981 55.598827431 -0.041213794 0.999136937 0.005177231 -89.509132278 0.048085045 -0.003192203 0.998838144 153.827145225
0.998140518 0.044192359 -0.041982628 56.520266713 -0.044050957 0.999020084 0.0042877 -90.309506161 0.042130972 -0.002430352 0.99910914 154.237341992
0.998308423 0.041542628 -0.040675584 57.238041456 -0.041616931 0.999133158 -0.000981312 -91.442858689 0.040599559 0.002672445 0.999171924 154.522680445
0.998570165 0.037075917 -0.03850977 58.2498441 -0.037284636 0.99929356 -0.004715665 -92.213701324 0.038307727 0.006144745 0.999247097 154.907707731
0.998726663 0.039892646 -0.030880896 59.430387405 -0.039963137 0.999199762 -0.001668608 -92.407553412 0.030789619 0.002900581 0.999521679 155.566288536
0.998864097 0.040168073 -0.025632807 60.490204746 -0.040115376 0.999191757 0.002566977 -92.249577193 0.0257152 -0.001535791 0.99966813 156.474787724
0.999014346 0.03806313 -0.022837135 61.39071285 -0.037975322 0.999269569 0.004266549 -92.332745458 0.022982852 -0.003395096 0.999730094 157.297850137
0.999094025 0.039024617 -0.016976705 62.473777764 -0.038951058 0.999230336 0.004642334 -92.825962285 0.017144804 -0.003976867 0.999845108 157.80371523
0.999171665 0.038774825 -0.012348979 63.491452759 -0.038733236 0.99924314 0.003589441 -93.459945581 0.012478813 -0.003108152 0.999917306 158.249247212
0.999238217 0.038111719 -0.008395376 64.443271654 -0.038083803 0.999268558 0.003460279 -93.919891868 0.008521112 -0.003137915 0.999958771 158.820174903
0.999311302 0.036814805 -0.004646749 65.436254989 -0.036791373 0.999310303 0.005031309 -94.068594047 0.004828771 -0.004856884 0.999976547 159.555973334
0.999321829 0.036809776 -0.000960735 66.28737739 -0.036803995 0.999307554 0.00546603 -94.485336312 0.001161273 -0.005426964 0.9999846 160.187986804
0.999439756 0.0334543 0.000992281 67.182078571 -0.033458262 0.999430916 0.004288114 -94.940238037 -0.000848261 -0.004318911 0.999990314 160.776973452
0.999456041 0.03285041 0.002910742 67.813182714 -0.032858617 0.999456037 0.002818002 -95.621764594 -0.002816586 -0.002912112 0.999991793 161.340663375
0.999499238 0.031050532 0.006094144 68.751953461 -0.03106698 0.999513863 0.00262316 -96.016533254 -0.006009731 -0.002811173 0.99997799 161.94141524
0.999481271 0.030913803 0.009029193 69.500409486 -0.030938453 0.999517901 0.002603244 -96.499070605 -0.008944364 -0.002881243 0.999955847 162.569755793
0.999452411 0.030917067 0.011790406 70.211912168 -0.030930488 0.999521079 0.00095754 -97.251460357 -0.011755155 -0.001321699 0.999930032 163.052210315
0.999441156 0.029995482 0.014752845 71.034424407 -0.029996087 0.99955 -0.000180312 -97.859269854 -0.014751614 -0.000262317 0.999891155 163.569137339
0.99953072 0.026782394 0.014867498 71.644018172 -0.026802098 0.999640123 0.00112755 -97.903793702 -0.014831949 -0.001525501 0.999888837 164.516629277
0.999602777 0.023705489 0.015242615 72.278841789 -0.023761253 0.999711578 0.003487759 -97.787739493 -0.01515554 -0.003848558 0.999877742 165.54579459
0.999639837 0.021537326 0.016010594 72.882607572 -0.021615595 0.999755159 0.004731696 -97.914985229 -0.015904766 -0.00507607 0.999860626 166.441709792
0.999649671 0.020911533 0.016224771 73.24131428 -0.020975011 0.99977296 0.003752113 -98.521605122 -0.016142625 -0.004091113 0.99986133 167.161989293
0.999647383 0.020368178 0.01703662 73.688558598 -0.020413607 0.999788503 0.002496867 -99.17731243 -0.01698216 -0.002843765 0.999851749 167.813745661
0.999605614 0.021326894 0.018269652 74.052651606 -0.021349978 0.999771491 0.001069386 -99.971483276 -0.018242671 -0.001459021 0.999832524 168.418914097
0.999603174 0.021200045 0.018548647 74.372833883 -0.021213701 0.999774818 0.000539744 -100.535022393 -0.018533028 -0.000933016 0.999827813 169.180800266
0.999588994 0.021445207 0.019024891 74.681533509 -0.021466942 0.999769118 0.00093896 -100.969898305 -0.019000363 -0.001346981 0.999818569 170.023178961
0.999579634 0.021577565 0.019363962 74.988941584 -0.021613272 0.999765066 0.001636582 -101.342070191 -0.019324099 -0.002054413 0.999811161 170.90462732
0.999646178 0.019461167 0.018132327 75.258003093 -0.019495341 0.999808486 0.001709818 -101.662567366 -0.018095579 -0.002062709 0.999834134 171.833615175
0.999569803 0.02101674 0.020457391 75.746382962 -0.021081138 0.999773453 0.002937348 -102.05136137 -0.020391023 -0.00336735 0.999786411 172.623717957
0.999454525 0.022933543 0.023763542 76.366468686 -0.023043876 0.999724862 0.004379514 -102.425394929 -0.023656566 -0.004924729 0.999708014 173.364115558
0.999356708 0.024093082 0.026564886 76.990559463 -0.024248379 0.999690618 0.005539357 -102.793444013 -0.026423208 -0.006179949 0.999631743 174.107313028
0.999425492 0.020636929 0.026884991 77.679867236 -0.020796726 0.999767603 0.005677685 -103.001357058 -0.026761573 -0.006233542 0.999622409 174.917176525
0.999450895 0.018045097 0.027789973 78.372521386 -0.018155837 0.999828183 0.003737725 -103.638170204 -0.02771775 -0.004240223 0.999606796 175.470532006
0.999399974 0.01693973 0.030211543 79.179194718 -0.016998075 0.999854119 0.001675444 -104.402652156 -0.030178754 -0.002187977 0.999542123 175.895717751
0.999317597 0.014851698 0.033819619 80.294015327 -0.014879014 0.999889147 0.000556147 -104.927872678 -0.03380761 -0.00105897 0.999427798 176.319806998
0.999147522 0.014116838 0.038793617 81.51048157 -0.014228928 0.999895345 0.002614789 -104.992084234 -0.038752645 -0.003164551 0.999243823 176.966853564
0.998980145 0.012282805 0.04344884 82.793496954 -0.012491282 0.99991172 0.004529978 -105.000460746 -0.043389364 -0.005068089 0.999045383 177.610828159
0.99880927 0.01153482 0.047402431 83.854618311 -0.01178695 0.999917815 0.005042834 -105.331364738 -0.047340367 -0.00559556 0.998863143 178.164428238
0.99855175 0.011539767 0.052547463 85.031036272 -0.01179274 0.999920307 0.004506668 -105.909689008 -0.05249127 -0.005119819 0.998608259 178.510321326
0.998385857 0.009191704 0.056046353 86.16897251 -0.009394588 0.999950233 0.003357525 -106.423265507 -0.056012703 -0.003878638 0.998422522 178.908201377
0.998156509 0.0079344 0.060171668 87.308247896 -0.008132768 0.999962269 0.003052514 -106.864824524 -0.060145178 -0.003536249 0.998183376 179.3442066
0.997780494 0.007759516 0.066135286 88.652367271 -0.00805716 0.999958573 0.004234997 -107.119726468 -0.066099685 -0.00475846 0.997801678 179.784063354
0.997547224 0.005807249 0.069755369 89.788125493 -0.006174033 0.999968221 0.005043708 -107.309688705 -0.069723862 -0.005462009 0.997551377 180.363138973
0.997285546 0.003161707 0.073563197 91.020072892 -0.00348524 0.99998481 0.004270067 -107.728143004 -0.073548579 -0.004514861 0.997281416 180.750655971
0.996834095 0.003520615 0.079431685 92.30069629 -0.003934387 0.999979492 0.005053254 -108.1018974 -0.079412265 -0.005349771 0.996827504 181.13454042
0.996549215 0.000759725 0.083000513 93.517098949 -0.00127261 0.999980423 0.006126562 -108.1713403 -0.082994234 -0.006211048 0.996530672 181.728815644
0.996013085 -0.001041536 0.089201177 95.092780036 0.000234876 0.999958992 0.009053171 -107.981286583 -0.089206948 -0.008996126 0.995972485 182.280952464
0.99551932 -0.002833395 0.094515899 96.521436248 0.001873862 0.999945821 0.010239291 -108.114195697 -0.094539791 -0.010016302 0.995470694 182.711598572
0.99501454 -0.002757922 0.099691825 97.716206963 0.002165853 0.999979373 0.006046737 -109.381417759 -0.099706445 -0.005800674 0.994999988 182.5833376
0.99465075 -0.004749334 0.103185898 98.826836163 0.004898181 0.999987297 -0.001189168 -111.031059507 -0.10317894 0.00168823 0.994661378 182.25410129
0.994124842 -0.007249283 0.107996511 100.23285784 0.007688971 0.999963758 -0.003655462 -111.756936562 -0.107966098 0.004464368 0.994144552 182.3121112
0.993586021 -0.010172386 0.112620341 101.676357848 0.010098679 0.999948257 0.001224943 -111.11021645 -0.112626974 -0.000079769 0.993637337 183.185110523
0.992635725 -0.010556917 0.120676709 103.447004594 0.009872272 0.999931611 0.006269844 -110.637410289 -0.120734646 -0.005032318 0.992672061 183.749798806
0.99162409 -0.010796769 0.128705457 105.202708235 0.009997956 0.99992655 0.006851004 -110.998485151 -0.128769972 -0.005506829 0.9916592 183.806842057
0.990825747 -0.013802448 0.134438952 106.856574263 0.013372777 0.999902181 0.004098556 -111.749447492 -0.134482371 -0.002263132 0.990913402 183.675125487
0.990082294 -0.016456258 0.139521478 108.366658689 0.016258621 0.999864552 0.00255628 -112.300060679 -0.139544647 -0.000262501 0.990215745 183.740223811
0.989258849 -0.021900036 0.144524457 110.168652014 0.021444642 0.999758951 0.004708237 -111.93709974 -0.144592731 -0.001558389 0.989490027 184.175779975
0.988144649 -0.02588611 0.151327665 112.138474531 0.024237368 0.99962518 0.012729869 -110.595074463 -0.151600471 -0.008911168 0.988401684 185.0805877
0.987038604 -0.0294219 0.157762945 114.004379273 0.026310131 0.999416597 0.021777107 -109.083892649 -0.158311629 -0.017344081 0.987236857 186.120404613
0.986019174 -0.035605482 0.162783407 115.904159216 0.031645462 0.999138279 0.026856346 -108.097506514 -0.163599366 -0.021329516 0.986296253 186.802009279
0.984718479 -0.03439332 0.170723804 117.506960166 0.030706252 0.999235663 0.02419123 -109.209911238 -0.17142533 -0.018579263 0.985021912 186.430427361
0.983621235 -0.033430761 0.177120438 118.857640052 0.031140574 0.999391782 0.015694955 -111.388497662 -0.177537404 -0.009922259 0.984064032 185.56892614
0.982332867 -0.034403707 0.183952505 120.498235865 0.033085356 0.999400151 0.010232191 -112.820439869 -0.184194187 -0.003965283 0.982881874 184.934668297
0.980933901 -0.034384333 0.191275718 122.126259351 0.0328843 0.999398499 0.011011989 -113.166206671 -0.191539305 -0.004512065 0.981474572 184.955698601
0.979545281 -0.036359204 0.197911723 123.860681499 0.034255822 0.99931444 0.014042367 -112.905825788 -0.198286612 -0.006975506 0.980119259 185.265404632
0.978315322 -0.041273463 0.20296707 125.636238745 0.038491417 0.999103273 0.017636894 -112.287041685 -0.203512999 -0.009441954 0.979026715 185.749224109
0.977200762 -0.044445439 0.20761328 127.13118781 0.041098939 0.998946667 0.020406729 -111.978376418 -0.20830158 -0.011408786 0.977998104 186.219939375
0.976354242 -0.047949878 0.210791846 128.399278264 0.044380543 0.998780425 0.021633988 -111.925629908 -0.211572117 -0.011767379 0.977291547 186.686849843
0.975217385 -0.048207311 0.215933106 129.642959946 0.044375032 0.998760101 0.022563635 -112.218454667 -0.216753103 -0.012422411 0.976147415 186.949053149
0.974611369 -0.051891004 0.217807261 130.687634115 0.04772061 0.998563453 0.024367466 -112.035765994 -0.218758823 -0.013354914 0.975687565 187.637620366
0.97407235 -0.055768633 0.219255369 131.680200267 0.050987631 0.99832311 0.027408558 -111.593925665 -0.220416239 -0.015518607 0.975282448 188.513611258
0.97328002 -0.056778451 0.222490922 132.677231222 0.051683093 0.998252139 0.028662239 -111.751091813 -0.223729437 -0.016397366 0.974513348 189.025804868
0.972966474 -0.058476996 0.223420416 133.310323232 0.054321806 0.998217827 0.024704473 -112.8555752 -0.224466886 -0.011900023 0.974409055 189.228412591
0.972873895 -0.05980149 0.223472966 133.72777122 0.057122457 0.998196881 0.018439426 -114.437104808 -0.224172723 -0.005173911 0.974535695 189.290241014
0.972556017 -0.060961954 0.224540495 134.326915126 0.058155441 0.998124852 0.019097747 -114.687163054 -0.225283684 -0.005515377 0.9742776 190.025262015
0.972269451 -0.060648318 0.22586256 134.808322418 0.056247646 0.998081514 0.025874571 -113.875875999 -0.226998495 -0.012452817 0.973815491 191.481168859
0.972106533 -0.060323718 0.226649372 135.178133605 0.055596308 0.998083046 0.027189778 -114.134300171 -0.227855084 -0.013830493 0.973596825 192.371444507
0.972520753 -0.060932585 0.224701146 135.124833049 0.057711337 0.998114891 0.020882169 -115.809639575 -0.225549964 -0.007340539 0.974203947 192.714113575
0.972983757 -0.061639264 0.222493168 135.030596793 0.060005326 0.998098424 0.014103107 -117.565910448 -0.222939385 -0.000371319 0.974832238 193.026585224
0.973374428 -0.062751618 0.220464185 135.028534845 0.060910879 0.998028312 0.015144409 -117.741337729 -0.220979834 -0.001312514 0.975277494 194.234779618