1. 0. 0. 0. 0. 1. 0. 0. 0. 0. 1. 0.
0.99934058 -0.004678341 0.036007192 0.258116013 0.004626409 0.999988135 0.001525439 -0.482286959 -0.036013901 -0.001357849 0.999350367 0.837123296
0.997317079 -0.013491226 0.071948808 0.529972704 0.013579058 0.999907533 -0.000731732 -0.956021446 -0.071932284 0.001706766 0.997408058 1.673802198
0.993730541 -0.019614286 0.110067667 0.789263789 0.019757209 0.999804786 -0.000207917 -1.460618363 -0.110042102 0.002381243 0.993924074 2.492329693
0.989313726 -0.026116565 0.143444333 1.177483588 0.026073903 0.999657646 0.002177524 -1.936884156 -0.143452094 0.0015859 0.989655992 3.289285238
0.983732082 -0.03653729 0.175886946 1.592233895 0.036045139 0.999332192 0.005993224 -2.402808216 -0.175988463 0.000444143 0.984392129 4.078116735
0.975801646 -0.040367227 0.214899125 2.027453975 0.039408608 0.999184909 0.008745217 -2.857004233 -0.215076982 -0.000064722 0.976597096 4.858817292
0.967913658 -0.050902005 0.246073436 2.499548258 0.049848317 0.998701465 0.010513284 -3.312041597 -0.246289049 0.002090395 0.969194168 5.621094329
0.958835795 -0.059845779 0.277583142 2.983907617 0.058341511 0.998202901 0.013683474 -3.776047752 -0.277903196 0.003074415 0.960604165 6.365434004
0.947795251 -0.066510772 0.311866123 3.496878388 0.06430756 0.997779192 0.017355727 -4.224558205 -0.312327871 0.003605674 0.949967526 7.097448629
0.934963785 -0.072426058 0.347271057 4.041245778 0.068738167 0.997370852 0.022944446 -4.664298527 -0.348019805 0.00241855 0.937484062 7.811063499
0.922844149 -0.08321871 0.376076219 4.646193747 0.078201956 0.996526784 0.028615093 -5.083367704 -0.377151336 0.003002625 0.926146778 8.509187987
0.908381242 -0.09158167 0.407990584 5.26451849 0.084948798 0.995791696 0.034388961 -5.498119272 -0.409423034 0.003420022 0.91233825 9.186440529
0.892184845 -0.098200989 0.440865929 5.898630033 0.090076183 0.99515607 0.03937865 -5.924905336 -0.442597428 0.004578485 0.896708734 9.833333105
0.877721048 -0.111010151 0.466135718 6.570738873 0.102047545 0.993782965 0.044516476 -6.316255366 -0.468179517 0.008494958 0.883592539 10.481701283
0.861687904 -0.121975429 0.492560606 7.239296881 0.112003511 0.992457741 0.049828157 -6.718634873 -0.494923398 0.012232197 0.868850507 11.105974207
0.844669177 -0.132941495 0.518517638 7.960870335 0.121197165 0.99101051 0.056651707 -7.09101328 -0.521387792 0.014990917 0.853188164 11.711590074
0.826209476 -0.139606281 0.545791157 8.699045502 0.12612353 0.990055114 0.062319547 -7.48217236 -0.549063527 0.017348107 0.835600554 12.282943198
0.807376269 -0.148145972 0.571136 9.458177555 0.133282068 0.988738769 0.068055397 -7.867119557 -0.574786438 0.021175875 0.81802942 12.83141462
0.788963013 -0.158792033 0.593567565 10.238923838 0.142542858 0.986975546 0.074570803 -8.227659155 -0.597677921 0.025775212 0.801321871 13.372281317
0.768465679 -0.164970392 0.618259873 11.044325804 0.146778939 0.985878203 0.080623276 -8.606230838 -0.622829386 0.028791307 0.781827741 13.869189968
0.745544351 -0.171670463 0.643966515 11.861906942 0.151783208 0.984599366 0.086752206 -8.987689361 -0.648941814 0.033065687 0.760119189 14.319279772
0.729048019 -0.18323356 0.659480438 12.692240888 0.163483869 0.982230188 0.092178539 -9.330268807 -0.664651797 0.040611832 0.746048704 14.819861071
0.708224354 -0.191261267 0.679586192 13.522424796 0.1698947 0.9804877 0.098892173 -9.670596924 -0.685240145 0.045420247 0.726899543 15.276005244
0.687099953 -0.201142718 0.698165641 14.363620567 0.176620691 0.978331733 0.108037736 -9.969580449 -0.704768605 0.049077775 0.707737653 15.729769252
0.664988772 -0.208258387 0.717229655 15.197426907 0.181865587 0.97658194 0.114946176 -10.298996044 -0.724372032 0.054001476 0.687291059 16.147052831
0.640599414 -0.210113447 0.738569381 15.996262754 0.183600345 0.975848059 0.118370093 -10.714778344 -0.745602645 0.059773781 0.663704596 16.494213087
0.620706013 -0.215483096 0.753850835 16.771592622 0.186449649 0.974476484 0.125028437 -11.039725782 -0.761551426 0.062949321 0.645040161 16.944821046
0.598822093 -0.220033522 0.770063212 17.567132498 0.188340626 0.973242687 0.131630089 -11.366912868 -0.778421422 0.066211182 0.624240474 17.348606973
0.574692616 -0.220563053 0.788086503 18.353721855 0.187821373 0.972838859 0.135305899 -11.751921382 -0.796524656 0.070260189 0.600509765 17.687418952
0.553952713 -0.222661409 0.802220848 19.119217368 0.189461402 0.9720056 0.138958591 -12.143864943 -0.810703872 0.075013398 0.580630882 18.063978602
0.533678364 -0.224917898 0.815229626 19.885359624 0.190573874 0.971174249 0.143185814 -12.514412887 -0.823935072 0.078946297 0.561158159 18.449378342
0.514833025 -0.231387174 0.825473762 20.65081856 0.194603056 0.969293727 0.15033071 -12.814398502 -0.834911137 0.083244503 0.544053073 18.86914185
0.493654168 -0.235238928 0.837238442 21.429280066 0.196917646 0.967952236 0.155858622 -13.141430442 -0.847070837 0.087926764 0.524156351 19.227107363
0.47411109 -0.240010746 0.847120721 22.206786848 0.198715025 0.966473016 0.162610723 -13.432827221 -0.857747639 0.091240068 0.505909317 19.621746918
0.451740179 -0.242550249 0.85854539 22.989237982 0.19975703 0.965399734 0.167631987 -13.771917871 -0.869498672 0.095774373 0.484560966 19.92971081
0.433588834 -0.24787678 0.866347404 23.744656152 0.202680475 0.963613497 0.174268912 -14.064079291 -0.878021268 0.100030649 0.468051836 20.328602918
0.416483407 -0.25364469 0.873044067 24.471143535 0.206399066 0.961598132 0.180910083 -14.363634723 -0.885404426 0.104849432 0.452841693 20.738413306
0.39695185 -0.258880575 0.88057372 25.14681917 0.210792844 0.95946756 0.187051806 -14.678517625 -0.893305998 0.111368078 0.435432595 21.085458992
0.383358531 -0.265566691 0.884596275 25.809949123 0.214475422 0.957185706 0.194411465 -14.950604633 -0.898352119 0.115194866 0.423902834 21.583060173
0.372828051 -0.273608563 0.886644009 26.411776468 0.218580056 0.954544681 0.202650467 -15.194541736 -0.901788225 0.118248918 0.415686408 22.168758444
0.362678282 -0.27992768 0.888878483 26.952515958 0.222246627 0.952279455 0.209213472 -15.496100929 -0.905025359 0.121673062 0.407584059 22.75199886
0.349695172 -0.28327917 0.893009629 27.544552549 0.223981066 0.950828314 0.213911196 -15.829586521 -0.909695426 0.125213536 0.395949241 23.251529336
0.33762292 -0.283651088 0.897525946 28.093063111 0.223341869 0.950425722 0.216354699 -16.222510117 -0.914400992 0.127408817 0.384236672 23.768328466
0.327630444 -0.284340316 0.901004371 28.617137828 0.223350582 0.949918897 0.218560304 -16.631031397 -0.918026584 0.129632841 0.374729925 24.326175993
0.319213631 -0.285586135 0.903627809 29.113576155 0.225575813 0.949004515 0.220240739 -17.080140065 -0.920444572 0.133532732 0.367356502 24.894294137
0.311983183 -0.287574879 0.905520393 29.594751973 0.228551794 0.947819942 0.222264336 -17.525372387 -0.922187926 0.137615576 0.361429637 25.489039872
0.305329347 -0.290936247 0.906713897 30.06635734 0.231837061 0.946244353 0.225550886 -17.927048351 -0.923593832 0.14134258 0.356365974 26.114939584
0.300382397 -0.291809833 0.908084488 30.495065013 0.232912704 0.94567099 0.22684367 -18.368677689 -0.92494437 0.143364568 0.352029136 26.792121789
0.296451579 -0.293660549 0.90877937 30.884941286 0.234916868 0.944740041 0.228648899 -18.79774013 -0.925705421 0.145704276 0.349055494 27.504365493
0.294072611 -0.297390715 0.908339178 31.265453614 0.238293182 0.943163202 0.231645277 -19.203602024 -0.925601242 0.148330502 0.348224645 28.256763089
0.290883436 -0.296950523 0.909509326 31.624046815 0.239375048 0.942969752 0.231317171 -19.709069862 -0.926329538 0.150427505 0.345376827 28.967719542
0.288658803 -0.300089714 0.909187692 31.998117029 0.241724253 0.94168975 0.234072212 -20.115331853 -0.926415393 0.152205711 0.344365997 29.731555236
0.287621791 -0.302442582 0.90873659 32.331408274 0.242523336 0.940905373 0.236388472 -20.508910058 -0.92652908 0.152399354 0.343974273 30.554551451
0.286077734 -0.305532977 0.90819003 32.673668834 0.242870644 0.939972075 0.239721397 -20.859579145 -0.926916059 0.151993743 0.343110072 31.383566746
0.284953613 -0.307821542 0.907770531 33.001225766 0.243477228 0.939216535 0.242056069 -21.249120671 -0.927103165 0.152046701 0.34258068 32.208969017
0.284170022 -0.312090653 0.906557678 33.339588432 0.246114927 0.937599811 0.245629879 -21.627215076 -0.926647096 0.153316728 0.343247927 33.029191952
0.283074078 -0.313943477 0.906260757 33.646944287 0.247125873 0.936878935 0.247359383 -22.050123921 -0.926713477 0.153939451 0.342789697 33.843228423
0.283529557 -0.315922255 0.90543035 33.933519356 0.248955503 0.936052978 0.248648308 -22.500505277 -0.926084309 0.154912723 0.34404927 34.685119821
0.284415453 -0.317827802 0.904485123 34.185493836 0.250208325 0.935359026 0.249998573 -22.946091001 -0.925474821 0.15520625 0.345553723 35.554077658
0.284225497 -0.317834034 0.904542644 34.441281038 0.251185338 0.93518406 0.249673187 -23.462114822 -0.925268498 0.156244364 0.345638403 36.364793648
0.28531545 -0.320304841 0.903327129 34.67078209 0.252624183 0.934306964 0.251498548 -23.889594687 -0.92454103 0.156445856 0.347488961 37.252663728
0.288788803 -0.323884507 0.900943868 34.856052294 0.254243274 0.933194941 0.253983385 -24.291197733 -0.923017543 0.155711361 0.351841707 38.224171896
0.290683283 -0.326098125 0.899535014 35.063796184 0.255931906 0.932374031 0.255298897 -24.748850915 -0.921955578 0.156008589 0.354484459 39.123526277
0.292181076 -0.330076257 0.897596726 35.274583818 0.258643821 0.930849878 0.258112142 -25.163855652 -0.920724493 0.156742364 0.357348904 40.023248927
0.295297791 -0.332969426 0.895505765 35.473997737 0.260814566 0.929797768 0.259714983 -25.613269753 -0.919116411 0.156867687 0.361410504 40.955625937
0.295139988 -0.332837952 0.895606658 35.737373827 0.26098698 0.929798617 0.259538684 -26.101168542 -0.919118156 0.157141433 0.361287124 41.784127575
0.296051412 -0.336808888 0.89381952 35.993822068 0.262063824 0.928500578 0.263076468 -26.437591616 -0.918518434 0.156353601 0.363149333 42.704710263
0.296274781 -0.339941725 0.892558613 36.27581904 0.262445726 0.927518885 0.266140863 -26.7736374 -0.918337354 0.155397367 0.364016707 43.60582943
0.295855037 -0.34159233 0.892067529 36.561933694 0.263856443 0.926764717 0.26737041 -27.236589418 -0.918068393 0.156274882 0.364319347 44.422406213
0.299699925 -0.348451117 0.888122612 36.739173533 0.268777954 0.924044753 0.271845002 -27.630766828 -0.915389735 0.157235852 0.370592121 45.387049122
0.299503988 -0.35023999 0.887484823 36.979415453 0.269766773 0.923315111 0.273340619 -28.070287429 -0.915162964 0.157547311 0.371019669 46.23569088
0.30009253 -0.352528712 0.88637914 37.245111456 0.271035909 0.922420186 0.275100955 -28.498653448 -0.914594997 0.157684834 0.372359348 47.10182703
0.299436867 -0.35557202 0.885384719 37.496620332 0.272264489 0.921223088 0.277884995 -28.883491259 -0.914444974 0.157849805 0.37265779 47.956273061
0.301595342 -0.361899338 0.882082263 37.718857653 0.275783474 0.918726438 0.282639714 -29.231048693 -0.912679421 0.15802089 0.376889471 48.897078671
0.298915824 -0.363290446 0.882422451 38.048043626 0.277473593 0.917835563 0.283877233 -29.6873154 -0.913048594 0.159993531 0.37515908 49.641218374
0.299188551 -0.365267197 0.88151352 38.315734592 0.279187366 0.916912164 0.285178011 -30.154701406 -0.912436642 0.160785441 0.376307608 50.477786062
0.298598921 -0.364633688 0.8819756 38.607087195 0.279195925 0.91708173 0.28462385 -30.668359307 -0.912627153 0.161255619 0.375643855 51.274800945
0.298324794 -0.364384344 0.882171393 38.903574527 0.279182917 0.917148826 0.284420339 -31.160734271 -0.912720777 0.161437544 0.375338118 52.088132122
0.297367463 -0.366051018 0.881804539 39.220472731 0.280550344 0.91631258 0.285766968 -31.616676161 -0.912613881 0.162412769 0.375177286 52.885849274
0.29608529 -0.366415379 0.882084617 39.5487588 0.280379103 0.916150829 0.286452819 -32.0532702 -0.913083271 0.162503628 0.373993999 53.692155393
0.294966824 -0.366187692 0.882553764 39.879350688 0.279854114 0.916253547 0.286637599 -32.504955819 -0.913606177 0.16243772 0.372743531 54.497129254
0.292845364 -0.362706125 0.884695348 40.200253985 0.277506615 0.917673558 0.28436828 -33.03136608 -0.915003645 0.162232879 0.369389797 55.256497911
0.292095923 -0.363920069 0.884444546 40.522730024 0.278747397 0.917019097 0.28526455 -33.507193253 -0.914866034 0.163212003 0.369299312 56.0491028
0.28810281 -0.361720658 0.886653786 40.979746228 0.277893223 0.917649251 0.284069021 -34.031308727 -0.916390816 0.164553995 0.364897047 56.708327253
0.284967868 -0.362282177 0.887437287 41.450090336 0.278740461 0.917134985 0.284898536 -34.495250992 -0.917113444 0.16617775 0.362336702 57.402014211
0.279149005 -0.36233793 0.889262086 42.032672134 0.278090447 0.916895315 0.286301736 -34.880627863 -0.919098219 0.167374446 0.356713132 58.035314854
0.274578664 -0.362116126 0.890774084 42.576176825 0.277322748 0.916838229 0.287227708 -35.280073644 -0.920705518 0.168165317 0.352167255 58.708808618
0.268815351 -0.358944865 0.893810321 43.142989311 0.276032177 0.917753492 0.285542929 -35.815055667 -0.922791712 0.169962086 0.34578656 59.280857234
0.264210841 -0.358888068 0.895204997 43.693399463 0.276800086 0.917356757 0.286073929 -36.305666382 -0.923890872 0.172208987 0.341715848 59.891598355
0.259481726 -0.356105846 0.897695862 44.21050983 0.276462688 0.918023051 0.284257031 -36.885356702 -0.925331084 0.174419906 0.336660186 60.474989539
0.254594713 -0.353182524 0.900246431 44.738322119 0.275030328 0.918924376 0.2827301 -37.40132158 -0.927113721 0.175613483 0.331089193 61.089175623
0.250196172 -0.352825179 0.901618694 45.281804103 0.274667161 0.918843192 0.283346323 -37.834388905 -0.928417916 0.176752882 0.32680054 61.740817797
0.244102532 -0.349743181 0.904485302 45.892260033 0.272681577 0.919822911 0.282082558 -38.309028489 -0.930622755 0.177779412 0.319899623 62.317162898
0.238308272 -0.347695162 0.906817094 46.50522078 0.271288382 0.920381772 0.28160257 -38.759422159 -0.932529775 0.17890072 0.313660248 62.905549526
0.229929642 -0.339936333 0.911907698 47.17568493 0.267426822 0.923011281 0.276646109 -39.374557885 -0.935743156 0.180259437 0.303135747 63.344505108
0.224713474 -0.337774581 0.914008855 47.756107471 0.267135737 0.923416065 0.275574436 -39.91319439 -0.937092499 0.18223914 0.297735694 63.903183442
0.221154915 -0.336275835 0.915428351 48.273782086 0.26691733 0.923700721 0.274831069 -40.426604266 -0.938000875 0.18356345 0.294038803 64.540607606
0.216782981 -0.338894485 0.91550842 48.916239616 0.267730975 0.92249108 0.27808332 -40.73733095 -0.938789255 0.184826231 0.290712917 65.198579142
0.212173658 -0.34254577 0.915229334 49.569541009 0.269371542 0.920770194 0.282172325 -41.038561692 -0.939372829 0.186667203 0.287635262 65.838006722
0.20531545 -0.345266152 0.915771178 50.262820993 0.271058081 0.919163097 0.285773892 -41.38716986 -0.940411124 0.189553383 0.282305565 66.3557538951. 0. 0. 0. 0. 1. 0. 0. 0. 0. 1. 0.
0.999003125 0.00182789 0.044602851 0.028239268 -0.001690678 0.999993723 -0.003113821 -0.006848895 -0.044608263 0.003035308 0.998999945 0.999577729
0.995859025 0.000442246 0.090909879 0.091475317 0.000261847 0.999970067 -0.007732886 -0.043524228 -0.090910578 0.007724669 0.9958291 1.996492037
0.990540132 0.002673376 0.137197304 0.216051596 -0.001071828 0.99993044 -0.01174587 -0.071075416 -0.137219162 0.011487704 0.990474096 2.989183663
0.983151369 0.00601137 0.182694413 0.405322902 -0.003431857 0.999889962 -0.014432151 -0.10491764 -0.182761067 0.013562008 0.983063815 3.974182547
0.973435739 0.004429484 0.228917541 0.61153332 -0.001105537 0.999892123 -0.014646481 -0.116924631 -0.228957723 0.014004331 0.973335625 4.950315169
0.961529267 0.006354929 0.274628994 0.876137432 -0.001975423 0.999866486 -0.016220624 -0.15031845 -0.274695407 0.015054096 0.961413442 5.914902783
0.948062234 0.002491301 0.318075138 1.187148336 0.003465807 0.999829062 -0.018161354 -0.178121867 -0.318066012 0.018320481 0.94789154 6.867476494
0.932819729 0.001028424 0.360341914 1.528829112 0.006428288 0.999789301 -0.019494377 -0.217868615 -0.360286038 0.020501122 0.932616574 7.80588477
0.915666991 -0.000203185 0.401937706 1.927582361 0.008841201 0.999768103 -0.019636024 -0.24772406 -0.401840509 0.021533671 0.915456447 8.727515462
0.895971175 -0.000015589 0.444112208 2.374599023 0.009482517 0.999772699 -0.019095348 -0.259515723 -0.444010963 0.021320183 0.895767668 9.62739017
0.873231228 0.003650199 0.487292416 2.857989506 0.00748406 0.99975355 -0.020900417 -0.279087399 -0.487248613 0.021897822 0.872988702 10.499563826
0.849025149 0.00430001 0.528334938 3.399533158 0.007460489 0.99976962 -0.020125796 -0.303212517 -0.528299762 0.021028944 0.84879747 11.35016224
0.822182466 0.008929249 0.569153988 3.945153094 0.005308447 0.999713198 -0.023352555 -0.346086881 -0.569199274 0.022221385 0.821899262 12.169689459
0.795104226 0.004963477 0.606452499 4.555293033 0.009960728 0.999724755 -0.021241446 -0.356044467 -0.606391007 0.022929872 0.794835937 12.973453935
0.767419148 0.002117173 0.641142238 5.1799849 0.015367108 0.999646532 -0.021694777 -0.35530274 -0.640961546 0.026501489 0.767115355 13.755710469
0.737648879 -0.001188432 0.675183471 5.866029668 0.0191857 0.999631544 -0.019201175 -0.33383621 -0.674911876 0.027117592 0.737399888 14.505385581
0.709285995 -0.005268378 0.704901143 6.58230658 0.025883811 0.999492376 -0.018574692 -0.335253716 -0.704445459 0.031420297 0.70906231 15.243351868
0.675918613 -0.004031956 0.736965245 7.31429515 0.028068279 0.999400358 -0.020275493 -0.369702567 -0.73644158 0.034389929 0.675626474 15.920838362
0.644289149 -0.009953248 0.764717219 8.140983465 0.03552099 0.999225659 -0.016921611 -0.367602514 -0.763956643 0.038065923 0.644143799 16.586047482
0.613226249 -0.011391761 0.789825168 9.163043049 0.038189815 0.999154284 -0.015239917 -0.500988397 -0.78898359 0.039508794 0.613142683 17.167594065
0.579346684 -0.016453201 0.814915156 10.044625095 0.04514137 0.99890944 -0.011924241 -0.538076237 -0.81383025 0.043694656 0.579457592 17.751821151
0.542227272 -0.01822361 0.840034217 10.904274399 0.051111101 0.998628735 -0.011327173 -0.592901562 -0.838675885 0.049076976 0.542415164 18.279815822
0.505900375 -0.021260274 0.862329874 11.710393823 0.056154344 0.998387357 -0.008329197 -0.578914367 -0.860762162 0.052637312 0.506278395 18.798595207
0.469879217 -0.029092862 0.88225117 12.553858678 0.061570625 0.998102722 0.000121176 -0.47639968 -0.880580819 0.054263818 0.470778992 19.302770242
0.434701214 -0.032359289 0.899993184 13.385772813 0.064844175 0.997884988 0.004558931 -0.440517315 -0.898237211 0.056377543 0.435880127 19.792396943
0.398585669 -0.026878407 0.916737157 14.162426988 0.06646891 0.997788433 0.000354964 -0.563257303 -0.914719273 0.060793036 0.399490749 20.238668365
0.362816521 -0.02512387 0.931521853 14.076699042 0.068767549 0.997632702 0.0001228 -0.580926658 -0.929319749 0.064013921 0.363685334 19.162516379
0.330289794 -0.028313463 0.943454821 14.799585552 0.070154494 0.997521652 0.005375964 -0.502312597 -0.941268824 0.06441197 0.331457537 19.665202356
0.29679814 -0.02306134 0.954661741 15.517838112 0.069234053 0.997597123 0.002574094 -0.562299164 -0.952427168 0.065331115 0.2976816 20.125691327
0.264087033 -0.015356884 0.964376589 16.216299432 0.069650319 0.997566374 -0.003187795 -0.707379115 -0.961980703 0.068010993 0.264513956 20.575927186
0.234088903 -0.013154715 0.972126195 16.893808719 0.070826655 0.997482296 -0.003557294 -0.74580081 -0.969631874 0.069685169 0.234431241 21.060327489
0.202675314 -0.009776964 0.979197186 17.56853758 0.071202545 0.997450432 -0.004778365 -0.783933426 -0.976653938 0.070689788 0.202854724 21.502244905
0.1720151 -0.009384459 0.985049612 18.26081527 0.071749907 0.997418061 -0.003027095 -0.764918218 -0.982477865 0.071197924 0.172244302 21.943724463
0.138592988 -0.001928574 0.990347547 18.905137882 0.071462647 0.997410724 -0.008058425 -0.852331697 -0.987767723 0.071889698 0.138371953 22.29999854
0.108066931 -0.000408595 0.994143537 19.548849642 0.07133485 0.997425385 -0.007344408 -0.862568431 -0.991580999 0.071710767 0.107817847 22.706567344
0.080093427 -0.001208435 0.996786628 20.170080087 0.072103133 0.997386646 -0.004584442 -0.840724378 -0.994176132 0.072238623 0.079971246 23.150249292
0.054062392 -0.002342505 0.998534812 20.777044826 0.073376862 0.997302947 -0.001633134 -0.810022085 -0.995837885 0.073357642 0.054088468 23.618337761
0.027063291 -0.002822167 0.999629738 21.349843017 0.074878028 0.997192389 0.000788089 -0.790652305 -0.996825391 0.074828975 0.027198626 24.047905709
0.005654586 -0.007666612 0.999954623 21.877557508 0.075112532 0.997148923 0.007220351 -0.663628131 -0.997159031 0.075068295 0.006214323 24.594094235
-0.0143101 -0.010356167 0.999843973 22.28941355 0.075354354 0.997091581 0.011406155 -0.554184767 -0.997054132 0.07550582 -0.013488098 25.155233828
-0.031212279 -0.014214814 0.999411693 22.714034586 0.075729633 0.996991108 0.016545472 -0.456906208 -0.996639763 0.076201503 -0.030041881 25.782220455
-0.047184323 -0.015012786 0.998773376 23.07743087 0.074883699 0.997020205 0.01852411 -0.416367622 -0.996075334 0.075665893 -0.045919511 26.41736217
-0.06134931 -0.014420129 0.998012185 23.437421488 0.073778524 0.997094742 0.01894215 -0.392608953 -0.995385851 0.074793954 -0.060107179 27.087469504
-0.075040363 -0.014817972 0.997070394 23.734060178 0.074858831 0.996984417 0.020450633 -0.375515401 -0.994366683 0.076174147 -0.073704817 27.761784586
-0.087584541 -0.013665536 0.996063352 24.06297134 0.078264356 0.996720686 0.020556393 -0.469891086 -0.993077861 0.079756679 -0.0862278 28.458013678
-0.099626279 -0.013733408 0.994930147 24.376016516 0.08175694 0.996410768 0.02194049 -0.553903835 -0.991660429 0.083528294 -0.098145896 29.163739756
-0.109933688 -0.015078394 0.993824545 24.661178228 0.084287037 0.996141819 0.024437114 -0.576006168 -0.990358662 0.086452988 -0.10823863 29.911550313
-0.117790987 -0.015389891 0.992919148 24.893740883 0.085536631 0.996006471 0.025585039 -0.594009087 -0.989347648 0.087944646 -0.116004186 30.716179733
-0.123976506 -0.017381099 0.992132916 25.029965984 0.086092616 0.995887815 0.028204977 -0.571301396 -0.988543316 0.088912072 -0.121970308 31.563534836
-0.130847768 -0.019479971 0.991211074 25.19321005 0.087464198 0.995681649 0.031113801 -0.561368715 -0.987536772 0.090766653 -0.128578921 32.392492573
-0.136096468 -0.018859436 0.990516064 25.35993227 0.089840423 0.99546429 0.031297685 -0.639824994 -0.986613627 0.093247887 -0.133784835 33.256319945
-0.140467234 -0.019376814 0.989895699 25.504741801 0.091004863 0.995323347 0.032396743 -0.653829816 -0.985894047 0.094636003 -0.138046934 34.144910943
-0.142759758 -0.022385506 0.989504189 25.569789412 0.090305524 0.995279595 0.035544905 -0.551490166 -0.985629019 0.094432077 -0.14006434 35.093128759
-0.145327854 -0.025370926 0.989058204 25.663359381 0.087789159 0.995397396 0.038432889 -0.40282827 -0.985481039 0.092413957 -0.142431675 36.034741419
-0.147604365 -0.026821556 0.988682738 25.741972246 0.086671553 0.995435832 0.039944298 -0.324377668 -0.985241591 0.091586621 -0.144606007 36.979447788
-0.149906437 -0.032890871 0.988152949 25.823134582 0.086286933 0.99519782 0.046215406 -0.181135613 -0.984927726 0.092192674 -0.146348507 37.933148123
-0.150950924 -0.034207225 0.987949232 25.866209331 0.085891154 0.99516772 0.047580658 -0.139852517 -0.984802786 0.092038444 -0.147283389 38.908927119
-0.151517023 -0.038424686 0.987707515 25.878055007 0.086212508 0.994922417 0.0519306 -0.077216042 -0.984687765 0.093021112 -0.147434994 39.903527679
-0.152035489 -0.039016328 0.987604646 25.882286568 0.08637334 0.994873296 0.052600112 -0.070629132 -0.984593752 0.093299796 -0.147886077 40.891219687
-0.153101892 -0.040091149 0.987396835 25.887548259 0.087843562 0.994669162 0.054007105 -0.101196099 -0.984298389 0.095005045 -0.148763981 41.865062643
-0.152008105 -0.042720652 0.987455559 25.832989875 0.087113669 0.994598285 0.056439878 -0.024548363 -0.984532754 0.094600196 -0.147465448 42.899594089
-0.150917636 -0.04414737 0.987560062 25.761762921 0.085806761 0.994646713 0.057577045 0.046068167 -0.984815245 0.093428722 -0.146321588 43.930900116
-0.149850246 -0.049136048 0.987486989 25.699716844 0.085828792 0.994347493 0.062501858 0.132080479 -0.984976305 0.094120734 -0.144785929 44.969753405
-0.149797663 -0.054330503 0.9872228 25.598392715 0.085878585 0.994000462 0.067734413 0.205575356 -0.984979964 0.094927754 -0.14423312 45.979605279
-0.149017054 -0.058508773 0.987102143 25.542963565 0.085792389 0.993718712 0.071852535 0.281595971 -0.985105874 0.095393104 -0.143061428 47.00911361
-0.148120481 -0.063044088 0.986957834 25.428075962 0.085501732 0.993413077 0.076288344 0.385600898 -0.985266348 0.09568647 -0.141754444 48.040888783
-0.14907386 -0.064222564 0.986738287 25.458229262 0.083760023 0.993482026 0.077315732 0.497988603 -0.985272167 0.094174976 -0.142722917 49.018278346
-0.149022435 -0.065249146 0.986678703 25.446938495 0.081460565 0.993618836 0.078011446 0.626580392 -0.985472724 0.092000861 -0.142756266 50.020537548
-0.148382515 -0.070013911 0.986448519 25.379492393 0.081805606 0.993203019 0.082798592 0.688268067 -0.9855407 0.092982882 -0.141646431 51.047549567
-0.147704971 -0.076721642 0.986051231 25.291326318 0.082496725 0.992556675 0.08958536 0.764206242 -0.985584868 0.094578201 -0.140276271 52.080022152
-0.147277616 -0.077983565 0.98601616 25.256287608 0.082230539 0.992470535 0.090776513 0.797635258 -0.985671062 0.094449989 -0.139756064 53.093470293
-0.147624084 -0.080045368 0.985799102 25.248568174 0.081787676 0.992317878 0.092822443 0.852425427 -0.985656079 0.094329046 -0.139943293 54.088747782
-0.148631299 -0.081835222 0.985500753 25.21431678 0.080693116 0.992242949 0.094565067 0.944150976 -0.985594926 0.093578455 -0.140874819 55.062949541
-0.147827886 -0.087078283 0.985172213 25.157205626 0.079885425 0.991810358 0.099652056 1.067614702 -0.985781535 0.093432253 -0.139660943 56.093857367
-0.148861606 -0.087920133 0.984941761 25.204727989 0.079848505 0.991718325 0.100593139 1.083406013 -0.985628956 0.093620584 -0.140608491 57.069457792
-0.150088016 -0.088772988 0.984679107 25.247976027 0.080598354 0.991547097 0.101677231 1.043761909 -0.985381902 0.094624049 -0.14166438 58.040694052
-0.151091524 -0.088249567 0.984572681 25.312949871 0.081455224 0.991508403 0.101371268 0.981956696 -0.985158057 0.095514928 -0.142620128 59.014861287
-0.153129831 -0.087341898 0.984338686 25.435171115 0.082604544 0.99146901 0.100825058 0.903949738 -0.984747554 0.096750172 -0.144608644 59.96183333
-0.153317455 -0.09056817 0.984017868 25.429562403 0.08273573 0.991118246 0.104112537 0.939698631 -0.984707346 0.097375706 -0.144462503 60.964471377
-0.15443257 -0.087502178 0.984120902 25.543750588 0.082396942 0.991459836 0.101084802 0.909482539 -0.984561489 0.096699338 -0.145903779 61.9281767
-0.157265224 -0.085554047 0.983843562 25.710515463 0.082703987 0.991599734 0.099448566 0.864329327 -0.984087242 0.097007586 -0.148868493 62.850617331
-0.159245985 -0.078570004 0.984107449 25.87907708 0.083643666 0.99217005 0.092748737 0.708258126 -0.983689206 0.097084218 -0.151427214 63.78372479
-0.161569679 -0.077813116 0.983788777 26.02795164 0.084936044 0.992091022 0.092419009 0.616883272 -0.983199424 0.098491237 -0.15368269 64.722027417
-0.16795018 -0.076852786 0.982795191 26.313133645 0.086364437 0.991976026 0.092329556 0.50831389 -0.982005051 0.100385319 -0.159965204 65.542316411
-0.17347945 -0.079449506 0.981627555 26.605263906 0.087206498 0.99158601 0.095667195 0.492248259 -0.980968861 0.102200594 -0.165091283 66.399576187
-0.178555954 -0.077973728 0.980835291 26.939639544 0.086460747 0.991755446 0.094581579 0.515342116 -0.98012362 0.101691856 -0.170342173 67.258007147
-0.185533542 -0.076408508 0.97966272 27.379549994 0.085863389 0.991898187 0.093624058 0.542912181 -0.978879351 0.101487564 -0.17746969 68.060994249
-0.191819696 -0.073886122 0.978645005 27.793340984 0.087094316 0.991946418 0.091961313 0.415042744 -0.977558072 0.102874408 -0.183839799 68.878762528
-0.197415536 -0.074154395 0.977511244 28.162217769 0.088582386 0.991706418 0.093121107 0.30732058 -0.976309514 0.104973832 -0.189209481 69.720939086
-0.20432182 -0.074029033 0.976100556 28.607584695 0.09017443 0.99147329 0.094070649 0.192536457 -0.974741589 0.107239998 -0.195904102 70.520917854
-0.210830042 -0.070254233 0.97499489 29.066260421 0.0910921 0.991661947 0.091152684 0.07269472 -0.973269193 0.108032056 -0.202672524 71.319389189
-0.217005373 -0.067658232 0.973822895 29.510847091 0.091567642 0.991785715 0.089311043 0.005960437 -0.971866264 0.108551643 -0.209027524 72.127891224
-0.223290729 -0.061474606 0.972811453 29.995203503 0.092360729 0.992184726 0.083898539 -0.137151708 -0.970366295 0.108583341 -0.215867812 72.919637576
-0.229272302 -0.057722221 0.971649297 30.439658258 0.093169866 0.992355081 0.080936825 -0.239101697 -0.96889297 0.109085007 -0.222141562 73.723912501
-0.23600725 -0.049625782 0.970483312 30.980639628 0.094970511 0.992736336 0.073859123 -0.473587167 -0.967099364 0.109598584 -0.229579987 74.488082979
-0.24128602 -0.056961682 0.968780896 31.348290967 0.094791459 0.992118923 0.081942797 -0.376586295 -0.965813458 0.111603806 -0.233984945 75.341092617
-0.248649314 -0.049580589 0.967323774 31.936959392 0.097920356 0.992285742 0.076030325 -0.704871302 -0.963631217 0.113625577 -0.24187622 76.077577437
-0.254842282 -0.049924085 0.965693014 32.417450887 0.098022667 0.992188311 0.077161596 -0.696540463 -0.962001543 0.114323842 -0.247957842 76.873841759
-0.260608609 -0.058895789 0.963646428 32.797720519 0.095986015 0.991611547 0.086563416 -0.425151175 -0.960661146 0.115055752 -0.252769334 77.709553514
-0.264206848 -0.056004844 0.962838615 33.135354436 0.096749323 0.991737951 0.084234223 -0.534694571 -0.95960112 0.115409243 -0.256605527 78.577300631. 0. 0. 0. 0. 1. 0. 0. 0. 0. 1. 0.
0.999109392 -0.002286709 0.042133049 0.05837979 0.002427614 0.99999163 -0.003293429 -0.006431288 -0.042125165 0.003392779 0.999106581 0.998273729
0.997749885 -0.00525464 0.066839771 1.075937841 0.005867423 0.99994251 -0.008974948 -0.011018081 -0.066788768 0.009346931 0.997723356 0.877251367
0.993706005 -0.003870566 0.111952644 1.101838707 0.005404381 0.999895606 -0.01340035 -0.024367205 -0.11188909 0.013921043 0.993623186 1.827439457
0.987430165 -0.000645973 0.158054588 1.258597262 0.003284349 0.999859588 -0.016432188 -0.06719051 -0.15802178 0.016744744 0.987293639 2.770802324
0.978851064 -0.00050279 0.204573563 1.393201108 0.004098008 0.999844514 -0.017150933 -0.08188462 -0.204533131 0.017626553 0.978700926 3.708030287
0.967991511 0.001427917 0.250978874 1.583707068 0.003511309 0.999808902 -0.019230948 -0.116101701 -0.250958373 0.019496659 0.967801516 4.63678562
0.955375669 -0.000080223 0.295393507 1.826988687 0.006863756 0.999736 -0.021927573 -0.141442522 -0.295313765 0.022976579 0.955124001 5.557815484
0.940730383 0.002218093 0.33914809 2.110104962 0.006573484 0.999671525 -0.024771598 -0.176554927 -0.339091634 0.02553278 0.940406795 6.466569083
0.923975059 0.004614134 0.382424895 2.430332081 0.006210923 0.999614327 -0.027066996 -0.204146367 -0.382402295 0.027384441 0.923590048 7.360905262
0.903825221 0.01011408 0.427782276 2.712358856 0.002698111 0.999566042 -0.029333409 -0.232434477 -0.427893317 0.027666479 0.903405709 8.227458287
0.879915261 0.018210757 0.474781531 2.869694697 -0.00182235 0.999387219 -0.0349552 -0.270971167 -0.475127154 0.029892396 0.879409252 9.033776462
1. 0. 0. 0. 0. 1. 0. 0. 0. 0. 1. 0.
0.999008516 0.00091202 0.044510156 -0.001081474 -0.000793378 0.999996086 -0.002683092 -0.026105046 -0.044512428 0.002645118 0.999005329 0.99965862
0.995914178 -0.004322699 0.090201241 0.087685091 0.005164883 0.999945206 -0.009105395 -0.020445421 -0.090156938 0.009534071 0.995881935 1.997461454
0.990665756 -0.002299863 0.136294057 0.205454491 0.004180553 0.99989994 -0.013514142 -0.042760927 -0.136249339 0.013957782 0.990576245 2.990725997
0.983206008 0.001625202 0.182491928 0.336638758 0.001451295 0.9998591 -0.016723454 -0.08321687 -0.182493394 0.01670745 0.983065116 3.977165031
0.973765801 -0.001362903 0.227548472 0.5752674 0.005250282 0.999850422 -0.016479331 -0.096540312 -0.227491976 0.017241702 0.973627303 4.955791913
0.961880261 0.000318694 0.27347077 0.840150426 0.004804381 0.999825296 -0.01806364 -0.13093679 -0.273428751 0.018688916 0.961710686 5.921952751
0.948227357 -0.001010813 0.317590709 1.157308463 0.007973122 0.999755525 -0.020623294 -0.16106515 -0.317492219 0.022087761 0.948003598 6.875337448
0.932665064 -0.001745209 0.360739285 1.474794595 0.010488828 0.999696709 -0.022281699 -0.201264612 -0.36059099 0.024565094 0.932400501 7.814319814
0.914771168 0.000375309 0.403972238 1.8363143 0.010820191 0.999618037 -0.025430373 -0.196394462 -0.40382748 0.027634029 0.914417698 8.735609692
0.894960548 0.001775059 0.446141757 2.276583859 0.010614131 0.999624335 -0.025269146 -0.196712918 -0.446019011 0.027350296 0.894605501 9.639972722
0.872860367 0.003509106 0.487957442 2.782500158 0.010311377 0.999618221 -0.025633708 -0.21746858 -0.487861102 0.027406161 0.872490944 10.519893273
0.848795705 0.004078921 0.528705224 3.315107685 0.010922336 0.999621575 -0.02524698 -0.228916471 -0.528608129 0.027204224 0.848429948 11.375667109
0.822503015 0.007785991 0.568707454 3.874587105 0.009774844 0.999565106 -0.027821763 -0.26509165 -0.568676747 0.028442511 0.822069207 12.203079222
0.79639418 0.004882887 0.604758189 4.550585344 0.013860945 0.999557369 -0.026323747 -0.281213593 -0.604619041 0.029346599 0.79597399 13.009079087
0.768765027 0.00264364 0.639525875 5.197255465 0.018339903 0.999489055 -0.026177776 -0.297694698 -0.639268317 0.031853401 0.768323746 13.791153497
0.739229068 -0.000971192 0.673453371 5.892541116 0.023526589 0.999425816 -0.024383134 -0.276046409 -0.673043004 0.033868782 0.738827463 14.540154498
0.707577079 0.001628307 0.706634294 6.603263815 0.023979683 0.999366059 -0.02631453 -0.310465472 -0.706229178 0.035564425 0.707089471 15.252579545
0.673595406 0.00379003 0.739090566 7.350077858 0.025459859 0.999274398 -0.028327955 -0.361971983 -0.738661644 0.037898722 0.67301015 15.92362134
0.641793017 -0.000779281 0.76687751 8.119012981 0.032725287 0.99911639 -0.026372227 -0.356393648 -0.766179339 0.042021798 0.641251425 16.593485995
0.606730344 0.001019804 0.794907069 8.936164125 0.034669387 0.99901367 -0.02774383 -0.399202715 -0.794151322 0.044391965 0.606096552 17.207971697
0.575483634 -0.00749206 0.817778978 9.804029399 0.046613499 0.998632908 -0.023653687 -0.405621777 -0.816483784 0.051731849 0.575046126 17.827485097
0.538199733 -0.008542289 0.842774036 10.668788981 0.052267366 0.998362232 -0.023258884 -0.465829984 -0.841195084 0.056567504 0.53776477 18.365932211
0.500014249 -0.006123583 0.865995527 11.516129265 0.054057573 0.998245658 -0.024153378 -0.513349972 -0.864328369 0.05889065 0.499468079 18.868445653
0.462442596 -0.007645394 0.886616261 12.361645427 0.05643496 0.998189006 -0.02082793 -0.473640686 -0.884851366 0.059667875 0.462036583 19.358238863
0.429387199 -0.001805042 0.903118694 13.539215734 0.053689874 0.998280353 -0.023531577 -0.387376759 -0.901523173 0.058592487 0.428745716 19.762720994
0.396771389 0.00133846 0.917916485 13.600040351 0.055923842 0.998106056 -0.025628591 -0.376340132 -0.916212306 0.061502108 0.395945074 18.498296408
0.364419931 0.001310183 0.931233804 14.314092761 0.055853849 0.998167943 -0.023261654 -0.357099264 -0.929558208 0.060490003 0.363679114 19.009246513
0.324201054 0.010288878 0.945932247 14.870097252 0.057800185 0.997857144 -0.030663624 -0.489702055 -0.944220745 0.064616238 0.322911639 19.337077425
0.29233799 0.011326702 0.956247983 15.589550842 0.058710486 0.997831125 -0.029767844 -0.485957995 -0.954511173 0.064844056 0.291038949 19.824844454
0.262017208 0.012291751 0.96498492 16.286162856 0.061139719 0.997698799 -0.029309395 -0.548193201 -0.96312456 0.066678472 0.26066274 20.318328114
0.230187251 0.018503001 0.972970436 16.934125666 0.061871946 0.997518116 -0.033607611 -0.64106535 -0.971177477 0.067935618 0.228471136 20.766015472
0.199850606 0.018616743 0.979649505 17.605034436 0.062549355 0.997537777 -0.031716885 -0.629778276 -0.977827855 0.067615083 0.198194064 21.230230105
0.169827729 0.017570896 0.985317109 18.281997071 0.063213342 0.997587711 -0.028685068 -0.591564168 -0.983444262 0.067156708 0.168307341 21.684135478
0.138666388 0.022070863 0.990093182 18.94067784 0.06175026 0.997613606 -0.030886869 -0.636465026 -0.98841213 0.065421482 0.136972594 22.092966623
0.108351808 0.024380744 0.993813597 19.626894312 0.061623244 0.997611951 -0.031192481 -0.644132756 -0.992200817 0.06462178 0.106590638 22.502443513
0.080733799 0.021827037 0.99649668 20.262158823 0.062119691 0.997706505 -0.026886327 -0.57253106 -0.994798069 0.064072701 0.079192747 22.953330867
0.052511368 0.01931043 0.998433605 20.742720468 0.064133213 0.997683843 -0.022668936 -0.531816357 -0.996558823 0.065223132 0.051151303 23.362065032
0.02745521 0.017435174 0.999470973 21.310610143 0.065451837 0.997670963 -0.019201719 -0.484461403 -0.997477954 0.065944399 0.026250102 23.837690605
0.003232486 0.015031267 0.999881799 21.747263299 0.067032354 0.997634799 -0.015214195 -0.408903571 -0.997745566 0.06707361 0.002217259 24.309426712
-0.01630057 0.016218126 0.999735597 22.22853622 0.066666394 0.997661094 -0.015097485 -0.396782582 -0.997642162 0.06640267 -0.017343649 24.879314353
-0.036449243 0.013891258 0.999238953 22.198592339 0.068566725 0.997581773 -0.011367111 -0.219860235 -0.99698047 0.06810022 -0.037313578 25.270048657
-0.051981586 0.012896348 0.99856477 22.523210753 0.067036061 0.997706314 -0.009395612 -0.188445985 -0.996395545 0.06645145 -0.052726877 25.921158024
-0.068211495 0.01323905 0.997583039 22.845202319 0.066895063 0.997722374 -0.008666831 -0.160106613 -0.995425659 0.066142203 -0.068941762 26.547154092
-0.079911324 0.011172999 0.996739356 23.176565043 0.067613443 0.997694949 -0.005762956 -0.121129291 -0.99450621 0.066932454 -0.08048257 27.2806809
-0.091132356 0.011637659 0.995770786 23.514400087 0.070465359 0.997500627 -0.005208928 -0.191560819 -0.993342603 0.069692644 -0.091724634 28.016832186
-0.10046328 0.009545722 0.994894974 23.813191989 0.073902211 0.997263269 -0.00210589 -0.241263507 -0.992192316 0.073313373 -0.100893789 28.797645769
-0.109546494 0.009661548 0.993934716 24.127973304 0.075977673 0.997108647 -0.001318522 -0.289264647 -0.991073639 0.075372407 -0.109963818 29.577360834
-0.124232102 0.007793868 0.992222576 24.24103237 0.077372475 0.997000529 0.001856091 -0.274580248 -0.989231967 0.077001303 -0.124462503 30.169857478
-0.129881007 0.005846648 0.99151235 24.422528951 0.077745292 0.996963958 0.004305282 -0.251126221 -0.988476906 0.077644592 -0.129941232 31.035068318
-0.14167584 0.003486211 0.989906967 24.600930118 0.079844164 0.996775919 0.007916924 -0.253380444 -0.986687826 0.080159931 -0.141497419 31.730104925
-0.148790521 0.00394873 0.988860854 24.740802545 0.081930579 0.996603075 0.008348168 -0.324734423 -0.985468803 0.082260071 -0.148608612 32.547508167
-0.15303504 -0.001521595 0.988219592 24.827765657 0.081035972 0.99661167 0.014083694 -0.205028646 -0.984892607 0.082236633 -0.152393202 33.451490275
-0.157202676 0.00004627 0.987566361 24.946263786 0.079826279 0.996728391 0.012660198 -0.196892076 -0.984334843 0.080823964 -0.156692064 34.343517757
-0.159947622 -0.00242722 0.987122519 25.037891506 0.077307585 0.996894781 0.014977723 -0.066546726 -0.984093642 0.078707709 -0.159263307 35.279398497
-0.162842725 -0.005142423 0.986638638 25.11829875 0.075879923 0.996959496 0.017720045 0.037885809 -0.983729884 0.077751644 -0.161957394 36.211209463
-0.165531132 -0.008874758 0.986164633 25.206846532 0.075852792 0.9968828 0.021703366 0.115162198 -0.983283173 0.078395923 -0.164341964 37.150111973
-0.166108309 -0.010227142 0.986054479 25.248040822 0.075489027 0.996880044 0.023056118 0.148477434 -0.983213831 0.078266105 -0.164818021 38.137696536
